1.094         -0.085         -3.055              1
1.418          1.417         -3.025              1
1.438         -1.569         -2.996              1
1.132         -1.061         -2.986              1
2.352          -0.35         -2.867              1
1.403          -1.13         -2.909             -1
1.345          1.537         -2.756              1
1.029          0.085          -2.71              1
1.069          1.832         -2.742             -1
2.622          1.165         -2.553              1
0.943          0.956         -2.516              1
2.204         -1.372         -2.469             -1
1.511         -1.354         -2.463             -1
0.989          0.493         -2.433             -1
1.117         -1.506         -2.325              1
0.988         -1.074         -2.384             -1
1.033         -1.603         -2.287              1
1.425          1.144         -2.296             -1
1.188         -0.184         -2.185              1
1.005          0.046         -2.258             -1
 1.36          1.406          -2.18             -1
0.969         -1.288         -2.083             -1
1.071         -0.692         -1.903              1
1.013         -1.466         -1.909             -1
1.022         -1.628         -1.786             -1
  1.4          0.637         -1.747             -1
1.146         -2.011         -1.646              1
0.996         -1.433         -1.633              1
1.053           1.44         -1.683             -1
1.748          1.593         -1.542              1
1.032         -0.551         -1.407              1
1.223          -0.71         -1.289              1
1.361          1.183         -1.312             -1
1.703         -1.308         -1.249             -1
0.948           0.43         -1.164              1
1.875         -0.014         -1.178              1
1.173          1.567         -1.048             -1
1.954          0.532         -1.031             -1
1.329         -0.135         -0.926             -1
1.498         -0.211         -0.822              1
1.205          0.728         -0.822             -1
0.905          0.177         -0.833             -1
1.128           -0.2         -0.819             -1
1.838           0.83         -0.802             -1
1.541         -1.797         -0.728              1
1.568          1.526         -0.702              1
0.915           1.26         -0.645              1
1.407          0.861         -0.561             -1
2.272          -1.92         -0.487              1
2.011         -1.546         -0.462              1
1.142          0.779         -0.244              1
0.966         -0.366         -0.304             -1
  0.9          0.065         -0.169              1
0.994          1.773         -0.119             -1
2.125         -0.654          0.021             -1
0.936          0.229          0.002             -1
0.926         -0.707          0.056             -1
2.586          0.228          0.175             -1
1.161          1.117          0.171             -1
1.202         -1.683          0.212             -1
1.243          0.263          0.308              1
0.952          0.954          0.255             -1
1.044          0.645          0.278             -1
5.039          0.366          0.374              1
 1.03         -0.449          0.492             -1
1.375          1.828          0.571             -1
1.028         -1.895           0.73              1
 1.46         -0.811          0.715             -1
  1.4          0.488          0.854             -1
0.903          1.445          0.853             -1
1.814          0.935          0.958             -1
1.124         -1.963          0.968             -1
0.882         -1.117          1.095             -1
1.384         -1.175          1.231              1
1.045         -1.541          1.259              1
2.154         -0.638          1.264              1
0.998          1.076          1.227             -1
1.563         -0.531          1.328              1
1.369         -0.697          1.366              1
1.952          1.853          1.371              1
1.421          1.155           1.37             -1
1.318          1.307          1.368             -1
1.861          1.674          1.492              1
 0.97         -0.489          1.579             -1
1.235          0.081          1.626             -1
 1.27          1.041          1.657             -1
1.009         -1.467           1.66             -1
0.977         -1.494          1.817              1
1.099          0.957          1.822              1
1.071          0.442          1.829              1
1.593         -1.349          1.775             -1
 1.14          0.989          1.858              1
1.406          1.818          1.916              1
1.318         -1.841          1.934              1
1.108          0.588          1.877             -1
0.924          2.029          1.965              1
1.282         -1.836            2.2              1
1.059         -0.763          2.147             -1
  1.4         -0.493          2.232              1
1.198          0.088           2.21             -1
1.019         -1.884          2.222             -1
1.178         -0.859          2.257             -1
0.987         -0.781          2.284             -1
0.978          0.937           2.42             -1
1.183           0.26          2.476             -1
1.781          1.826          2.583             -1
 1.44          0.891          2.719              1
1.035          1.466          2.904              1
1.018          0.483          2.859             -1
1.511         -0.258          3.104              1
0.977          2.302         -2.544             -1
1.683          2.322         -2.334             -1
1.136          2.289         -2.102              1
1.147          1.948         -2.089             -1
1.021           2.14         -1.442              1
 0.93          2.381         -1.248              1
1.565          2.174         -1.201              1
1.565          2.166         -1.184             -1
1.076          2.352         -0.972             -1
1.272          2.457          0.029             -1
1.596          2.378          0.549             -1
1.064          2.142          1.188              1
1.366           2.19          1.165             -1
2.078          2.533          1.233              1
0.973          2.412          1.931              1
 1.18          2.357          2.096              1
1.132          2.344          2.109              1
0.997          2.134          2.177              1
 1.68          2.156          2.562              1
2.039          2.079          2.885              1
0.944         -2.139         -2.026             -1
0.964         -2.324         -1.277              1
0.816         -2.267         -0.691             -1
1.548         -2.291          0.003              1
0.859         -2.214          1.559              1
0.974          -0.56         -2.493             -1
 1.07          1.232         -2.132              1
0.871         -0.563         -2.151              1
1.225         -1.298         -1.091             -1
1.018         -1.486          0.265              1
0.896          -1.31          1.086              1
0.796          1.974          1.324              1
1.921         -2.037          2.009             -1
0.998          0.141          2.256             -1
1.253          0.954          2.668              1
0.808          2.353         -0.744              1
1.161          2.408          0.082              1
1.185         -2.296         -2.235              1
0.678          0.747         -3.016              1
0.589          0.585         -3.123             -1
0.803         -0.269          -3.05             -1
0.565         -0.387         -3.065             -1
0.538          0.509         -2.914              1
0.591         -1.257         -2.792              1
0.781          0.516         -2.775              1
0.858          0.416         -2.806             -1
1.061         -1.843         -2.702             -1
0.647         -1.724         -2.547              1
0.522          0.087         -2.492              1
0.649         -1.025         -2.499             -1
0.842         -1.866         -2.434             -1
0.508          0.445         -2.273              1
0.855          -1.47         -2.381             -1
0.508          1.026          -2.39             -1
0.541          0.258         -2.207              1
0.651          1.486         -2.015              1
0.939          0.314         -1.921              1
0.644          1.813         -2.027             -1
 0.69         -1.439         -2.016             -1
0.651         -1.617          -1.61             -1
0.534         -1.947          -1.58             -1
0.893          0.477         -1.317             -1
0.704          0.463          -1.28             -1
0.807         -0.393         -1.151              1
0.757          1.571         -1.189             -1
0.593          1.013         -0.874              1
0.651         -0.837         -1.008             -1
  0.5         -0.382         -1.015             -1
0.491          -0.87         -0.958             -1
0.813          0.324         -0.868             -1
0.577          0.421           -0.7              1
0.694          0.436         -0.643              1
0.781         -1.759         -0.536              1
0.865          0.268         -0.516              1
0.524          -0.95         -0.325              1
0.619         -1.816         -0.103              1
0.853         -0.212          0.085             -1
0.573          0.521           0.38              1
0.699           0.88          0.423              1
 0.51          1.989          0.518              1
0.794         -1.001           0.56              1
0.617           0.21          0.605              1
0.675         -1.957          0.779              1
0.541         -2.054           0.79             -1
  0.7           0.35          0.836             -1
0.865          -1.05           0.88             -1
  0.5         -1.942          0.931             -1
0.769         -0.139          1.191              1
0.515          -1.22          1.146             -1
0.631          1.429          1.302              1
0.654         -1.479          1.427              1
0.699         -1.169          1.648              1
0.587         -1.895          1.677              1
0.509         -0.997          2.221              1
0.591          0.658          2.312              1
0.826         -1.649          2.316              1
0.906              1          2.431              1
0.879          0.496          2.846             -1
0.853          0.612          2.897             -1
0.568         -0.114         -3.132              1
0.715          1.974         -2.673              1
0.528          2.257           -2.2              1
0.817          2.384         -1.263              1
0.595          2.245         -1.147              1
0.641          2.264         -0.385             -1
0.521          2.165          1.011              1
0.599          2.205          1.271              1
0.633          2.031          1.339             -1
0.575          2.291          1.532              1
0.579          2.353          2.228              1
 0.63           2.26          2.451             -1
0.517          2.179          2.934             -1
0.688         -2.333         -2.047              1
0.609         -2.161         -2.103             -1
1.071         -2.382         -1.873             -1
1.012          -2.39         -1.519              1
0.751         -2.277          0.009              1
0.582         -2.145          0.526              1
0.556         -2.376          1.962              1
0.588         -2.353          2.086             -1
3.967         -1.679         -3.023             -1
1.091          1.057         -1.702              1
1.131          1.054         -0.329             -1
1.802          0.313          1.221             -1
2.326          0.502          1.307             -1
0.953          1.347          0.952             -1
1.278         -0.807          1.413             -1
1.228          0.475          2.429              1
1.173          0.691           2.42             -1
1.557         -1.594          2.463             -1
1.287         -2.282         -1.011             -1
0.917           2.18          1.562             -1
1.124          2.316         -0.952             -1
3.304          2.127         -0.447              1